1994
1972
1974
1994
1966
0
1957
1993
2003
1999
1980
2001
1975
2010
1990
1977
1954
1994
1999
2002
2002
1995
1991
1968
1942
1995
1981
1954
1946
1960
1994
1950
1998
1979
1991
1998
2000
1931
1964
1979
1936
2001
1959
1985
1997
2002
1980
1941
2006
1931
1957
1958
1944
0
1986
1976
1999
1999
2000
0
2008
2006
2010
1940
2006
1971
1962
2001
1962
1992
1981
1994
1988
1983
1948
1949
1984
2000
2004
1987
2003
1995
1997
1948
1974
1952
1997
1975
1927
1959
1950
1984
1968
1950
1957
1973
1960
1988
1992
1989
1980
1957
1988
2005
1961
2011
2009
1965
2000
1995
1963
1939
2009
2004
1954
2006
1926
1957
1995
1980
1921
1941
1982
1983
1994
1972
1974
1994
1966
0
1957
1993
2003
1999
1980
2001
1975
2010
1990
1977
1954
1994
1999
2002
2002
1995
1991
1968
1942
1995
1981
1954
1946
1960
1994
1950
1998
1979
1991
1998
2000
1931
1964
1979
1936
2001
1959
1985
1997
2002
1980
1941
2006
1931
1957
1958
1944
0
1986
1976
1999
1999
2000
1994
1972
1974
1994
1966
0
1957
1993
2003
1999
1980
2001
1975
2010
1990
1977
1954
1994
1999
2002
2002
1995
1991
1968
1942
1995
1981
1954
1946
1960
1994
1950
1998
1979
1991
1998
2000
1931
1964
1979
1936
2001
1959
1985
1997
2002
1980
1941
2006
1931
1957
1958
1944
0
1986
1976
1999
1999
2000
0
1994
1972
1974
1994
1966
0
1957
1993
2003
1999
1980
2001
1975
2010
1990
1977
1954
1994
1999
2002
2002
1995
1991
1968
1942
1995
1981
1954
1946
1960
1994
1950
1998
1979
1991
1998
2000
1931
1964
1979
1936
2001
1959
1985
1997
2002
1980
1941
2006
1931
1957
1958
1944
0
1986
1976
1999
1999
2000
0
